  ip           p            cd           tb           mr           cap
  65.6310      78.0000      13.3900      12.0600      12.8775      84.4000    
  65.6200      79.0000      14.3000      13.9200      13.0400      84.3000    
  65.4160      80.1000      17.5700      15.8200      15.2825      83.8000    
  64.0930      80.9000      16.1400      13.3000      16.3250      82.0000    
  62.5260      81.7000      9.79000      9.39000      14.2620      79.9000    
  61.6830      82.5000      8.49000      8.16000      12.7100      78.6000    
  61.0750      82.6000      8.65000      8.65000      12.1925      77.7000    
  61.4060      83.2000      9.91000      10.2400      12.5600      78.0000    
  62.4300      83.9000      11.2900      11.5200      13.1975      79.2000    
  63.1150      84.7000      12.9400      12.4900      13.7920      79.9000    
  64.2510      85.6000      15.6800      14.1500      14.2050      81.2000    
  64.6060      86.4000      18.6500      14.8800      14.7900      81.4000    
  64.2260      87.2000      17.1900      14.0800      14.9040      80.8000    
  63.9630      88.0000      16.1400      14.5700      15.1325      80.3000    
  64.2920      88.6000      14.4300      13.7100      15.4000      80.5000    
  63.9610      89.1000      15.0800      14.3200      15.5800      79.9000    
  64.4370      89.7000      18.2700      16.2000      16.4020      80.4000    
  64.7380      90.5000      16.9000      14.8600      16.6950      80.6000    
  65.2170      91.5000      17.7600      15.7200      16.8320      81.0000    
  65.1410      92.2000      17.9600      16.7200      17.2850      80.7000    
  64.7110      93.1000      16.8400      16.5200      18.1600      80.0000    
  64.2310      93.4000      15.3900      15.3800      18.4540      79.2000    
  63.5050      93.8000      12.4800      12.4100      17.8250      78.1000    
  62.7720      94.1000      12.4900      12.8500      16.9225      77.0000    
  61.6950      94.4000      13.5100      14.3200      17.3960      75.5000    
  62.8770      94.7000      15.0000      14.7300      17.5975      76.8000    
  62.4090      94.7000      14.2100      13.9500      17.1600      76.0000    
  61.8800      95.0000      14.4400      13.9800      16.8920      75.2000    
  61.4050      95.9000      13.8000      13.3400      16.6775      74.5000    
  61.1660      97.0000      14.4600      14.0700      16.6975      74.1000    
  60.9950      97.5000      13.4400      13.2400      16.8160      73.7000    
  60.4770      97.7000      10.6100      11.4300      16.2700      73.0000    
  60.2480      97.7000      10.6600      10.8500      15.4300      72.6000    
  59.6450      98.1000      9.51000      9.32000      14.6080      71.8000    
  59.4530      98.0000      8.95000      9.16000      13.8250      71.5000    
  58.9310      97.7000      8.66000      8.91000      13.6240      70.8000    
  60.0530      97.9000      8.36000      8.62000      13.2475      72.1000    
  59.7510      98.0000      8.54000      8.92000      13.0425      71.6000    
  60.1930      98.1000      8.69000      9.04000      12.8000      72.1000    
  61.0050      98.8000      8.63000      8.98000      12.7820      73.1000    
  61.4350      99.2000      8.49000      8.90000      12.6325      73.6000    
  61.7980      99.4000      9.20000      9.66000      12.8700      74.0000    
  62.7520      99.8000      9.50000      10.2000      13.4220      75.1000    
  63.4390      100.100      9.77000      10.5300      13.8100      75.9000    
  64.3690      100.400      9.39000      10.1600      13.7260      76.9000    
  64.8420      100.800      9.18000      9.81000      13.5350      77.4000    
  65.0790      101.100      9.36000      9.94000      13.4350      77.7000    
  65.3980      101.400      9.69000      10.1100      13.4200      78.0000    
  66.8020      102.100      9.42000      9.90000      13.3675      79.6000    
  66.9550      102.600      9.54000      10.0400      13.2325      79.7000    
  67.4430      102.900      10.0800      10.5900      13.3860      80.2000    
  67.8410      103.300      10.4100      10.9000      13.6525      80.5000    
  68.1880      103.500      11.1100      11.6600      13.9425      80.8000    
  68.4240      103.700      11.3400      12.0800      14.4160      81.0000    
  68.6420      104.100      11.5600      12.0300      14.6675      81.1000    
  68.6820      104.400      11.4700      11.8200      14.4700      81.0000    
  68.4880      104.700      11.2900      11.5800      14.3500      80.6000    
  68.4450      105.100      10.3800      10.9000      14.1300      80.4000    
  68.6650      105.300      9.18000      9.82000      13.6380      80.5000    
  68.6790      105.500      8.60000      9.33000      13.1800      80.3000    
  68.4960      105.700      8.14000      9.02000      13.0750      79.9000    
  68.8390      106.300      8.69000      9.29000      12.9200      80.2000    
  68.8400      106.800      9.02000      9.86000      13.1700      80.0000    
  68.8160      107.000      8.49000      9.14000      13.1950      79.8000    
  68.8530      107.200      7.92000      8.46000      12.9140      79.7000    
  68.8150      107.500      7.44000      7.80000      12.2150      79.4000    
  68.4270      107.700      7.64000      7.86000      12.0325      78.8000    
  68.6910      107.900      7.81000      8.05000      12.1860      79.0000    
  68.9850      108.100      7.93000      8.07000      12.1925      79.2000    
  68.7180      108.500      7.88000      8.01000      12.1350      78.8000    
  68.9360      109.000      7.81000      7.88000      11.7840      78.9000    
  69.5960      109.500      7.80000      7.67000      11.2600      79.5000    
  69.9500      109.900      7.82000      7.73000      10.8820      79.8000    
  69.5290      109.700      7.69000      7.61000      10.7100      79.2000    
  69.1240      109.100      7.24000      7.03000      10.0800      78.7000    
  69.0980      108.700      6.60000      6.44000      9.93750      78.6000    
  69.1620      109.000      6.65000      6.65000      10.1440      78.5000    
  68.9730      109.400      6.73000      6.73000      10.6825      78.2000    
  69.1520      109.500      6.37000      6.27000      10.5075      78.4000    
  69.1970      109.600      5.92000      5.93000      10.2000      78.3000    
  69.3570      110.000      5.71000      5.77000      10.0075      78.4000    
  69.6620      110.200      5.69000      5.72000      9.97400      78.7000    
  69.9760      110.400      5.76000      5.80000      9.69500      78.9000    
  70.5570      110.800      6.04000      5.87000      9.31000      79.5000    
  70.1670      111.400      5.87000      5.78000      9.20400      78.9000    
  71.0990      111.800      6.10000      5.96000      9.08250      79.8000    
  71.2460      112.200      6.17000      6.03000      9.03500      79.9000    
  71.6520      112.700      6.52000      6.50000      9.83250      80.2000    
  72.0600      113.000      6.99000      7.00000      10.5960      80.5000    
  72.4640      113.500      6.94000      6.80000      10.5375      80.9000    
  72.9810      113.800      6.70000      6.68000      10.2780      81.3000    
  73.4940      114.300      6.75000      7.03000      10.3300      81.8000    
  73.6740      114.700      7.37000      7.67000      10.8875      81.9000    
  74.6570      115.000      8.02000      7.59000      11.2600      82.9000    
  74.9450      115.400      7.24000      6.96000      10.6500      83.1000    
  75.2560      115.600      7.66000      7.17000      10.6475      83.4000    
  75.3180      116.000      6.92000      6.99000      10.4280      83.4000    
  75.6340      116.200      6.60000      6.64000      9.89250      83.7000    
  75.7780      116.500      6.63000      6.71000      9.93000      83.8000    
  76.0790      117.200      6.92000      7.01000      10.2020      84.0000    
  76.0290      117.500      7.24000      7.40000      10.4550      83.9000    
  76.1210      118.000      7.51000      7.49000      10.4600      84.0000    
  76.3210      118.500      7.94000      7.75000      10.4320      84.2000    
  76.7560      119.000      8.35000      8.17000      10.5975      84.6000    
  76.5070      119.500      8.23000      8.09000      10.4800      84.3000    
  76.8600      119.900      8.36000      8.11000      10.3025      84.6000    
  77.0580      120.300      8.78000      8.48000      10.2650      84.7000    
  77.3370      120.700      9.25000      8.99000      10.6120      84.9000    
  77.5780      121.200      9.20000      9.05000      10.7300      85.1000    
  77.2010      121.600      9.51000      9.25000      10.6450      84.6000    
  77.4840      122.200      10.0900      9.57000      11.0320      84.7000    
  77.4740      123.100      9.94000      9.36000      11.0475      84.6000    
  76.9650      123.700      9.59000      8.98000      10.7725      83.9000    
  76.9250      124.100      9.20000      8.44000      10.1960      83.7000    
  76.1540      124.500      8.76000      7.89000      9.88250      82.7000    
  76.8220      124.500      8.64000      8.18000      9.98500      83.3000    
  76.6120      124.800      8.78000      8.22000      10.1260      82.9000    
  76.5090      125.400      8.60000      7.99000      9.95000      82.6000    
  76.6460      125.900      8.39000      7.77000      9.76750      82.6000    
  77.1720      126.300      8.32000      7.72000      9.74400      83.0000    
  76.7200      127.500      8.16000      7.92000      9.89500      82.4000    
  77.4350      128.000      8.22000      8.11000      10.1975      83.0000    
  77.8270      128.600      8.35000      8.35000      10.2680      83.2000    
  77.8150      128.900      8.42000      8.40000      10.3700      83.1000    
  77.8490      129.100      8.35000      8.32000      10.4775      83.0000    
  78.1380      129.900      8.23000      8.10000      10.1640      83.1000    
  77.9850      130.500      8.10000      7.94000      10.0350      82.8000    
  78.0840      131.600      7.97000      7.78000      10.1000      82.8000    
  78.1900      132.500      8.06000      7.76000      10.1750      82.8000    
  77.7090      133.400      8.06000      7.55000      10.1775      82.1000    
  76.7220      133.700      8.03000      7.31000      10.0140      81.0000    
  76.2350      134.200      7.82000      7.05000      9.67250      80.3000    
  75.9530      134.700      7.17000      6.64000      9.63750      79.9000    
  75.3870      134.800      6.52000      6.27000      9.36500      79.2000    
  74.9770      134.800      6.45000      6.40000      9.50000      78.6000    
  75.1560      135.100      6.06000      6.24000      9.49250      78.7000    
  75.9070      135.600      5.91000      6.13000      9.47200      79.4000    
  76.5700      136.000      6.07000      6.36000      9.61500      79.9000    
  76.6520      136.200      5.98000      6.31000      9.57500      79.9000    
  76.6000      136.600      5.65000      5.78000      9.24400      79.7000    
  77.2800      137.000      5.47000      5.57000      9.00750      80.3000    
  77.1500      137.200      5.33000      5.33000      8.85500      80.0000    
  76.9850      137.800      4.94000      4.89000      8.71200      79.8000    
  76.7230      138.200      4.47000      4.38000      8.49750      79.4000    
  76.2470      138.300      4.05000      4.15000      8.43200      78.7000    
  76.8550      138.600      4.07000      4.29000      8.76250      79.2000    
  77.4730      139.100      4.25000      4.63000      8.93500      79.8000    
  77.9520      139.400      4.00000      4.30000      8.85250      80.1000    
  78.2610      139.700      3.82000      4.19000      8.67200      80.3000    
  78.1960      140.100      3.86000      4.17000      8.51000      80.1000    
  78.8510      140.500      3.37000      3.60000      8.12800      80.6000    
  78.5720      140.800      3.31000      3.47000      7.97500      80.2000    
  78.7180      141.100      3.13000      3.18000      7.92250      80.2000    
  79.2320      141.700      3.26000      3.30000      8.08800      80.6000    
  79.6340      142.100      3.58000      3.68000      8.30500      80.9000    
  79.6820      142.300      3.48000      3.71000      8.22250      80.8000    
  79.9940      142.800      3.19000      3.50000      8.02200      81.0000    
  80.2440      143.100      3.12000      3.39000      7.68250      81.1000    
  80.3730      143.300      3.11000      3.33000      7.49500      81.1000    
  80.5720      143.800      3.09000      3.24000      7.47200      81.1000    
  80.2620      144.200      3.10000      3.36000      7.46500      80.7000    
  80.3970      144.300      3.21000      3.54000      7.41750      80.7000    
  80.7070      144.500      3.16000      3.47000      7.20600      80.9000    
  80.6070      144.800      3.14000      3.44000      7.11250      80.6000    
  81.1520      145.000      3.12000      3.36000      6.91500      81.0000    
  81.5870      145.600      3.24000      3.39000      6.83400      81.3000    
  81.9550      146.000      3.35000      3.58000      7.15500      81.6000    
  82.4400      146.300      3.26000      3.61000      7.17200      81.9000    
  82.8520      146.300      3.15000      3.54000      7.06000      82.1000    
  82.9130      146.700      3.43000      3.87000      7.15250      82.0000    
  83.6430      147.100      3.77000      4.32000      7.67500      82.6000    
  84.1230      147.200      4.01000      4.82000      8.31600      82.9000    
  84.5940      147.500      4.51000      5.31000      8.59750      83.1000    
  85.1640      147.900      4.52000      5.27000      8.39750      83.5000    
  85.3110      148.400      4.73000      5.48000      8.61200      83.4000    
  85.7750      149.000      4.81000      5.56000      8.51250      83.6000    
  85.8790      149.300      5.03000      5.76000      8.64000      83.4000    
  86.5590      149.400      5.51000      6.11000      8.92500      83.8000    
  87.0910      149.800      5.79000      6.54000      9.17000      84.1000    
  88.0430      150.100      6.29000      7.14000      9.19800      84.7000    
  88.4510      150.500      6.24000      7.05000      9.14750      84.8000    
  88.5420      150.900      6.16000      6.70000      8.82750      84.5000    
  88.5480      151.200      6.15000      6.43000      8.46200      84.2000    
  88.4260      151.800      6.11000      6.27000      8.32000      83.7000    
  88.6540      152.100      6.02000      6.00000      7.95500      83.6000    
  88.9850      152.400      5.90000      5.64000      7.56600      83.6000    
  88.6460      152.600      5.77000      5.59000      7.60750      82.9000    
  89.8470      152.900      5.77000      5.75000      7.86000      83.6000    
  90.2220      153.100      5.73000      5.62000      7.63600      83.6000    
  90.0040      153.500      5.79000      5.59000      7.47500      83.0000    
  90.3910      153.700      5.74000      5.43000      7.37750      83.0000    
  90.7760      153.900      5.62000      5.31000      7.20000      82.9000    
  90.0930      154.700      5.39000      5.09000      7.03000      81.9000    
  91.3190      155.000      5.15000      4.94000      7.07500      82.6000    
  91.0990      155.500      5.29000      5.34000      7.62400      82.0000    
  91.9220      156.100      5.36000      5.54000      7.92500      82.4000    
  92.5270      156.400      5.36000      5.64000      8.07000      82.5000    
  93.3560      156.700      5.46000      5.81000      8.32000      82.9000    
  93.3280      157.000      5.53000      5.85000      8.24500      82.5000    
  93.9100      157.200      5.40000      5.67000      8.00200      82.6000    
  94.4600      157.700      5.51000      5.83000      8.23000      82.7000    
  94.5790      158.200      5.41000      5.55000      7.91500      82.4000    
  95.4690      158.700      5.38000      5.42000      7.61800      82.8000    
  96.0640      159.100      5.44000      5.47000      7.59750      83.0000    
  96.3400      159.400      5.43000      5.61000      7.82400      82.9000    
  97.6870      159.700      5.37000      5.53000      7.65000      83.6000    
  98.0710      159.800      5.53000      5.80000      7.89750      83.6000    
  98.5160      159.900      5.71000      5.99000      8.14250      83.6000    
  98.8830      159.900      5.70000      5.87000      7.94400      83.5000    
  99.3520      160.200      5.66000      5.69000      7.69000      83.5000    
  99.7610      160.400      5.60000      5.54000      7.49750      83.4000    
  100.780      160.800      5.60000      5.56000      7.48000      83.8000    
  101.667      161.200      5.60000      5.52000      7.43000      84.1000    
  102.485      161.500      5.65000      5.46000      7.29400      84.3000    
  103.094      161.700      5.74000      5.46000      7.20500      84.3000    
  103.365      161.800      5.80000      5.53000      7.09500      84.0000    
  103.830      162.000      5.54000      5.24000      6.99400      83.9000    
  104.098      162.000      5.54000      5.31000      7.04250      83.6000    
  104.416      162.000      5.58000      5.39000      7.12750      83.4000    
  105.032      162.200      5.58000      5.38000      7.14000      83.4000    
  105.536      162.600      5.59000      5.44000      7.14400      83.4000    
  105.029      162.800      5.60000      5.41000      6.99750      82.5000    
  104.903      163.100      5.59000      5.36000      6.95200      82.0000    
  106.748      163.400      5.58000      5.21000      6.92250      83.0000    
  106.555      163.500      5.41000      4.71000      6.72250      82.5000    
  107.278      163.900      5.21000      4.12000      6.71000      82.7000    
  106.977      164.100      5.24000      4.53000      6.86500      82.1000    
  107.064      164.500      5.14000      4.52000      6.71500      81.9000    
  107.811      164.800      4.89000      4.51000      6.79400      82.1000    
  108.181      164.700      4.90000      4.70000      6.80750      82.1000    
  108.648      164.900      4.91000      4.78000      7.04000      82.2000    
  108.876      165.900      4.88000      4.69000      6.91600      82.1000    
  109.447      166.000      4.92000      4.85000      7.14500      82.3000    
  109.578      166.000      5.13000      5.10000      7.55000      82.1000    
  110.316      166.600      5.24000      5.03000      7.63200      82.4000    
  110.817      167.100      5.41000      5.20000      7.94250      82.5000    
  110.737      167.700      5.50000      5.25000      7.82250      82.2000    
  111.688      168.100      6.13000      5.43000      7.85200      82.6000    
  112.343      168.400      6.00000      5.55000      7.73750      82.8000    
  113.125      168.900      6.05000      5.84000      7.91200      83.1000    
  113.200      169.300      5.95000      6.12000      8.21000      82.9000    
  113.947      170.000      6.01000      6.22000      8.32500      83.1000    
  114.446      171.000      6.14000      6.22000      8.24000      83.1000    
  115.299      171.000      6.28000      6.15000      8.15250      83.4000    
  115.982      171.200      6.71000      6.33000      8.51500      83.6000    
  116.202      172.200      6.73000      6.17000      8.28800      83.5000    
  115.926      172.600      6.67000      6.08000      8.14750      83.0000    
  115.667      172.700      6.61000      6.18000      8.02750      82.5000    
  116.071      173.600      6.60000      6.13000      7.91200      82.5000    
  115.631      173.900      6.67000      6.01000      7.79500      81.9000    
  115.506      174.200      6.65000      6.09000      7.74500      81.6000    
  115.144      174.600      6.45000      5.60000      7.38200      81.1000    
  114.196      175.600      5.62000      4.81000      7.03250      80.2000    
  113.622      176.000      5.26000      4.68000      7.05000      79.6000    
  113.075      176.100      4.89000      4.30000      6.95200      79.0000    
  112.550      176.600      4.53000      3.98000      7.07750      78.5000    
  111.847      177.400      4.02000      3.78000      7.14500      77.9000    
  111.145      177.800      3.74000      3.58000      7.16000      77.2000    
  110.996      177.300      3.66000      3.62000      7.12750      77.0000    
  110.696      177.400      3.48000      3.47000      6.95000      76.7000    
  109.933      178.100      2.87000      2.82000      6.81750      76.0000    
  109.512      177.600      2.31000      2.33000      6.61750      75.6000    
  108.845      177.500      2.03000      2.18000      6.65800      75.1000    
  108.327      177.300      1.83000      2.22000      7.06500      74.6000    
  108.967      177.600      1.74000      2.16000      6.99750      75.0000    
  109.197      178.000      1.82000      2.23000      6.89250      75.1000    
  109.641      178.600      1.91000      2.57000      7.01400      75.3000    
  110.113      179.500      1.87000      2.48000      6.98500      75.6000    
  110.447      179.500      1.82000      2.35000      6.80600      75.7000    
  110.818      179.700      1.81000      2.20000      6.65000      75.9000    
  111.577      179.900      1.79000      1.96000      6.48500      76.4000    
  111.305      180.500      1.73000      1.76000      6.29000      76.1000    
  111.305      180.800      1.76000      1.72000      6.09250      76.1000    
  110.655      181.300      1.73000      1.65000      6.11250      75.5000    
  110.796      181.500      1.39000      1.49000      6.06800      75.6000    
